1.000000000000000000e+01 7.974408112525957840e-03 1.142814010381698608e-02 1.429156131909029926e-03 8.918665349483489990e-03
1.023292992280754099e+01 8.117422566266735764e-03 1.176508516073226929e-02 1.456382586316457613e-03 8.894696831703186035e-03
1.047128548050899610e+01 8.262993338019768153e-03 1.210174709558486938e-02 1.484127653500353023e-03 8.874706923961639404e-03
1.071519305237606545e+01 8.411165808118807943e-03 1.243793219327926636e-02 1.512401200549516687e-03 8.858650922775268555e-03
1.096478196143185180e+01 8.561986151103161830e-03 1.277356594800949097e-02 1.541213281677901968e-03 8.846737444400787354e-03
1.122018454301963608e+01 8.715501349202542380e-03 1.310881972312927246e-02 1.570574141746982570e-03 8.838735520839691162e-03
1.148153621496882870e+01 8.871759206035747386e-03 1.344361156225204468e-02 1.600494219853339792e-03 8.834674954414367676e-03
1.174897554939529698e+01 9.030808360525926365e-03 1.377797871828079224e-02 1.630984152982645902e-03 8.834458887577056885e-03
1.202264434617413080e+01 9.192698301035393676e-03 1.411176472902297974e-02 1.662054779731214540e-03 8.838169276714324951e-03
1.230268770812381796e+01 9.357479379722718690e-03 1.444517821073532104e-02 1.693717144096330536e-03 8.845828473567962646e-03
1.258925411794167459e+01 9.525202827125064595e-03 1.477798074483871460e-02 1.725982499336580368e-03 8.857309818267822266e-03
1.288249551693134265e+01 9.695920766968594770e-03 1.511045545339584351e-02 1.758862311903420118e-03 8.872494101524353027e-03
1.318256738556407370e+01 9.869686231209864533e-03 1.544239372014999390e-02 1.792368265445249027e-03 8.891440927982330322e-03
1.348962882591654022e+01 1.004655317531111779e-02 1.577381044626235962e-02 1.826512264885272758e-03 8.914202451705932617e-03
1.380384264602885303e+01 1.022657649375234221e-02 1.610472053289413452e-02 1.861306440574450691e-03 8.940555155277252197e-03
1.412537544622754737e+01 1.040981203578310484e-02 1.643522828817367554e-02 1.896763152520863221e-03 8.970730006694793701e-03
1.445439770745928065e+01 1.059631662141697489e-02 1.676519960165023804e-02 1.932894994696833036e-03 9.004510939121246338e-03
1.479108388168207888e+01 1.078614805767157646e-02 1.709483563899993896e-02 1.969714799425175376e-03 9.041927754878997803e-03
1.513561248436208651e+01 1.097936515505709872e-02 1.742394268512725830e-02 2.007235641845959203e-03 9.082831442356109619e-03
1.548816618912482035e+01 1.117602774431630461e-02 1.775256544351577759e-02 2.045470844465193273e-03 9.127378463745117188e-03
1.584893192461114175e+01 1.137619669341890551e-02 1.808084547519683838e-02 2.084433981786858962e-03 9.175345301628112793e-03
1.621810097358930847e+01 1.157993392481324046e-02 1.840867847204208374e-02 2.124138885029763692e-03 9.226858615875244141e-03
1.659586907437561365e+01 1.178730243293823511e-02 1.873607188463211060e-02 2.164599646930663677e-03 9.281702339649200439e-03
1.698243652461745157e+01 1.199836630199850422e-02 1.906321197748184204e-02 2.205830626635177111e-03 9.340055286884307861e-03
1.737800828749376336e+01 1.221319072400557475e-02 1.938991993665695190e-02 2.247846454677997902e-03 9.401738643646240234e-03
1.778279410038923558e+01 1.243184201708808639e-02 1.971634477376937866e-02 2.290662038053954686e-03 9.466633200645446777e-03
1.819700858609984451e+01 1.265438764407391531e-02 2.004241943359375000e-02 2.334292565381492889e-03 9.534895420074462891e-03
1.862087136662868403e+01 1.288089623134703460e-02 2.036825567483901978e-02 2.378753512160149304e-03 9.606465697288513184e-03
1.905460717963248385e+01 1.311143758798206591e-02 2.069401741027832031e-02 2.424060646123665438e-03 9.681135416030883789e-03
1.949844599758046471e+01 1.334608272515926466e-02 2.101946622133255005e-02 2.470230032690342095e-03 9.758971631526947021e-03
1.995262314968880801e+01 1.358490387586288282e-02 2.134471386671066284e-02 2.517278040512333469e-03 9.839862585067749023e-03
2.041737944669530691e+01 1.382797451486556493e-02 2.166995406150817871e-02 2.565221347125532653e-03 9.923957288265228271e-03
2.089296130854040712e+01 1.407536937900168324e-02 2.199503034353256226e-02 2.614076944701795423e-03 1.001103222370147705e-02
2.137962089502233454e+01 1.432716448773227111e-02 2.232019975781440735e-02 2.663862145905208836e-03 1.010105013847351074e-02
2.187761623949554135e+01 1.458343716400428008e-02 2.264538034796714783e-02 2.714594589854174914e-03 1.019404828548431396e-02
2.238721138568341118e+01 1.484426605540682675e-02 2.297058701515197754e-02 2.766292248191107913e-03 1.029004901647567749e-02
2.290867652767774842e+01 1.510973115562710446e-02 2.329611033201217651e-02 2.818973431261532787e-03 1.038880646228790283e-02
2.344228815319923953e+01 1.537991382620842312e-02 2.362180501222610474e-02 2.872656794404436238e-03 1.049038767814636230e-02
2.398832919019492493e+01 1.565489681861307811e-02 2.394773066043853760e-02 2.927361344355731282e-03 1.059482246637344360e-02
2.454708915685032267e+01 1.593476429659239010e-02 2.427398413419723511e-02 2.983106445766705358e-03 1.070197671651840210e-02
2.511886431509581996e+01 1.621960185886643646e-02 2.460079640150070190e-02 3.039911827839390096e-03 1.081173866987228394e-02
2.570395782768865800e+01 1.650949656211575869e-02 2.492801845073699951e-02 3.097797591080764853e-03 1.092421263456344604e-02
2.630267991895384228e+01 1.680453694428746952e-02 2.525585889816284180e-02 3.156784214177772892e-03 1.103924214839935303e-02
2.691534803926917974e+01 1.710481304821783941e-02 2.558442950248718262e-02 3.216892560995131267e-03 1.115691661834716797e-02
2.754228703338169026e+01 1.741041644557365584e-02 2.591376751661300659e-02 3.278143887697952327e-03 1.127704232931137085e-02
2.818382931264456559e+01 1.772144026111440243e-02 2.624388784170150757e-02 3.340559850001217738e-03 1.139966398477554321e-02
2.884031503126608698e+01 1.803797919727715901e-02 2.657502889633178711e-02 3.404162510548169786e-03 1.152471452951431274e-02
2.951209226666388474e+01 1.836012955908632518e-02 2.690726518630981445e-02 3.468974346419705524e-03 1.165213435888290405e-02
3.019951720402019291e+01 1.868798927938973564e-02 2.724064886569976807e-02 3.535018256776909645e-03 1.178193092346191406e-02
3.090295432513593710e+01 1.902165794442312388e-02 2.757538855075836182e-02 3.602317570638845050e-03 1.191398501396179199e-02
3.162277660168382454e+01 1.936123681970436383e-02 2.791149169206619263e-02 3.670896054797792487e-03 1.204833388328552246e-02
3.235936569296286081e+01 1.970682887625907834e-02 2.824909240007400513e-02 3.740777921874117659e-03 1.218485087156295776e-02
3.311311214825914817e+01 2.005853881717891210e-02 2.858834713697433472e-02 3.811987838513001409e-03 1.232360303401947021e-02
3.388441561392028945e+01 2.041647310451383604e-02 2.892939746379852295e-02 3.884550933725257338e-03 1.246447861194610596e-02
3.467368504525320105e+01 2.078073998649945103e-02 2.927244454622268677e-02 3.958492807374539707e-03 1.260741055011749268e-02
3.548133892335758333e+01 2.115144952512039780e-02 2.961752563714981079e-02 4.033839538813195451e-03 1.275240629911422729e-02
3.630780547701017724e+01 2.152871362401062583e-02 2.996469289064407349e-02 4.110617695669126909e-03 1.289942115545272827e-02
3.715352290971729587e+01 2.191264605669122553e-02 3.031438589096069336e-02 4.188854342785971151e-03 1.304842531681060791e-02
3.801893963205616700e+01 2.230336249514630956e-02 3.066644817590713501e-02 4.268577051318996757e-03 1.319921761751174927e-02
3.890451449942811024e+01 2.270098053873733160e-02 3.102127462625503540e-02 4.349813907989085945e-03 1.335211843252182007e-02
3.981071705534977667e+01 2.310561974345598860e-02 3.137892484664916992e-02 4.432593524497242810e-03 1.350672543048858643e-02
4.073802778041132200e+01 2.351740165151562645e-02 3.173957765102386475e-02 4.516945047102048465e-03 1.366320997476577759e-02
4.168693834703359613e+01 2.393644982128099660e-02 3.210333734750747681e-02 4.602898166362548102e-03 1.382149010896682739e-02
4.265795188015932382e+01 2.436288985753590208e-02 3.247054666280746460e-02 4.690483127049030650e-03 1.398146152496337891e-02
4.365158322401665458e+01 2.479684944208811193e-02 3.284131735563278198e-02 4.779730738224243283e-03 1.414323598146438599e-02
4.466835921509637330e+01 2.523845836471063503e-02 3.321570903062820435e-02 4.870672383497533578e-03 1.430664956569671631e-02
4.570881896148756596e+01 2.568784855441826401e-02 3.359422087669372559e-02 4.963340031454499708e-03 1.447173953056335449e-02
4.677351412871988146e+01 2.614515411107804638e-02 3.397674858570098877e-02 5.057766246264711746e-03 1.463841646909713745e-02
4.786300923226389870e+01 2.661051133735205590e-02 3.436353802680969238e-02 5.153984198470092266e-03 1.480678468942642212e-02
4.897788193684468894e+01 2.708405877097058712e-02 3.475501388311386108e-02 5.252027675956554877e-03 1.497654616832733154e-02
5.011872336272730166e+01 2.756593721733360813e-02 3.515117615461349487e-02 5.351931095111573874e-03 1.514796912670135498e-02
5.128613839913656136e+01 2.805628978243801530e-02 3.555227071046829224e-02 5.453729512170266309e-03 1.532090455293655396e-02
5.248074602497733565e+01 2.855526190612794543e-02 3.595873713493347168e-02 5.557458634752710826e-03 1.549533009529113770e-02
5.370317963702535025e+01 2.906300139566501614e-02 3.637057542800903320e-02 5.663154833595141803e-03 1.567121595144271851e-02
5.495408738576254137e+01 2.957965845961516016e-02 3.678809851408004761e-02 5.770855154477728434e-03 1.584859937429428101e-02
5.623413251903499344e+01 3.010538574204820600e-02 3.721155226230621338e-02 5.880597330351646640e-03 1.602738350629806519e-02
5.754399373371578008e+01 3.064033835704620123e-02 3.764116019010543823e-02 5.992419793668159536e-03 1.620763540267944336e-02
5.888436553555899167e+01 3.118467392351587097e-02 3.807711601257324219e-02 6.106361688912432563e-03 1.638919860124588013e-02
6.025595860743587195e+01 3.173855260030038206e-02 3.851984441280364990e-02 6.222462885344844097e-03 1.657214760780334473e-02
6.165950018614831407e+01 3.230213712158520878e-02 3.896953165531158447e-02 6.340763989952516791e-03 1.675660908222198486e-02
6.309573444801942799e+01 3.287559283259228887e-02 3.942631930112838745e-02 6.461306360613848672e-03 1.694234460592269897e-02
6.456542290346565949e+01 3.345908772555633570e-02 3.989071398973464966e-02 6.584132119478794398e-03 1.712950319051742554e-02
6.606934480075970839e+01 3.405279247597683273e-02 4.036274552345275879e-02 6.709284166567671369e-03 1.731793582439422607e-02
6.760829753919828988e+01 3.465688047913856318e-02 4.084280878305435181e-02 6.836806193591260170e-03 1.750780642032623291e-02
6.918309709189377088e+01 3.527152788689313229e-02 4.133123159408569336e-02 6.966742697994967107e-03 1.769908517599105835e-02
7.079457843841390741e+01 3.589691364469343310e-02 4.182828217744827271e-02 7.099138997229837399e-03 1.789159327745437622e-02
7.244359600749913852e+01 3.653321952887259721e-02 4.233418405055999756e-02 7.234041243253167691e-03 1.808561384677886963e-02
7.413102413009188751e+01 3.718063018415816018e-02 4.284936934709548950e-02 7.371496437261475243e-03 1.828090101480484009e-02
7.585775750291851693e+01 3.783933316141182418e-02 4.337392002344131470e-02 7.511552444658628827e-03 1.847755908966064453e-02
7.762471166286931634e+01 3.850951895558466648e-02 4.390842467546463013e-02 7.654258010261818027e-03 1.867572218179702759e-02
7.943282347242829644e+01 3.919138104387678845e-02 4.445297271013259888e-02 7.799662773748165107e-03 1.887518912553787231e-02
8.128305161641007714e+01 3.988511592409007406e-02 4.500797390937805176e-02 7.947817285344657007e-03 1.907622069120407104e-02
8.317637711026725356e+01 4.059092315316174121e-02 4.557377099990844727e-02 8.098773021764123572e-03 1.927865296602249146e-02
8.511380382023780555e+01 4.130900538586618903e-02 4.615075886249542236e-02 8.252582402389938704e-03 1.948260515928268433e-02
8.709635899560822736e+01 4.203956841367139513e-02 4.673904180526733398e-02 8.409298805712121100e-03 1.968801021575927734e-02
8.912509381337473258e+01 4.278282120373587405e-02 4.733908176422119141e-02 8.568976586017476582e-03 1.989493519067764282e-02
9.120108393559115711e+01 4.353897593803117416e-02 4.795125126838684082e-02 8.731671090336352858e-03 2.010347694158554077e-02
9.332543007969928794e+01 4.430824805257430749e-02 4.857587814331054688e-02 8.897438675648666057e-03 2.031361311674118042e-02
9.549925860214378304e+01 4.509085627675371577e-02 4.921323060989379883e-02 9.066336726351655398e-03 2.052546292543411255e-02
9.772372209558126599e+01 4.588702267273116892e-02 4.986391961574554443e-02 9.238423671991942074e-03 2.073890715837478638e-02
1.000000000000001990e+02 4.669697267490228315e-02 5.052785575389862061e-02 9.413759005264310531e-03 2.095416933298110962e-02
1.023292992280755698e+02 4.752093512939564030e-02 5.120575428009033203e-02 9.592403300279666797e-03 2.117119729518890381e-02
1.047128548050901742e+02 4.835914233359186326e-02 5.189773440361022949e-02 9.774418231104524402e-03 2.139009535312652588e-02
1.071519305237609245e+02 4.921183007564074174e-02 5.260437726974487305e-02 9.959866590574302514e-03 2.161086350679397583e-02
1.096478196143187347e+02 5.007923767395570935e-02 5.332602560520172119e-02 1.014881230938275564e-02 2.183363586664199829e-02
1.122018454301965278e+02 5.096160801666264895e-02 5.406291782855987549e-02 1.034132047544971018e-02 2.205833047628402710e-02
1.148153621496885251e+02 5.185918760097919800e-02 5.481548607349395752e-02 1.053745735356916187e-02 2.228519320487976074e-02
1.174897554939532682e+02 5.277222657250012910e-02 5.558411777019500732e-02 1.073729040533984852e-02 2.251426130533218384e-02
1.202264434617415532e+02 5.370097876436327744e-02 5.636921525001525879e-02 1.094088830938029153e-02 2.274558693170547485e-02
1.230268770812383679e+02 5.464570173626905059e-02 5.717112123966217041e-02 1.114832098183015166e-02 2.297919988632202148e-02
1.258925411794170088e+02 5.560665681332550847e-02 5.799023807048797607e-02 1.135965959713969124e-02 2.321522682905197144e-02
1.288249551693137676e+02 5.658410912469016146e-02 5.882698297500610352e-02 1.157497660914903227e-02 2.345373481512069702e-02
1.318256738556410141e+02 5.757832764197846204e-02 5.968166887760162354e-02 1.179434577245890188e-02 2.369479835033416748e-02
1.348962882591656012e+02 5.858958521740741110e-02 6.055478751659393311e-02 1.201784216409429451e-02 2.393857389688491821e-02
1.380384264602888038e+02 5.961815862164165924e-02 6.144657731056213379e-02 1.224554220546238137e-02 2.418517321348190308e-02
1.412537544622758219e+02 6.066432858130806072e-02 6.235767900943756104e-02 1.247752368460597859e-02 2.443467080593109131e-02
1.445439770745931014e+02 6.172837981614423541e-02 6.328831613063812256e-02 1.271386577875375547e-02 2.468700706958770752e-02
1.479108388168210126e+02 6.281060107574384932e-02 6.423895061016082764e-02 1.295464907716810561e-02 2.494267374277114868e-02
1.513561248436211883e+02 6.391128517586115720e-02 6.520989537239074707e-02 1.319995560429151893e-02 2.520144730806350708e-02
1.548816618912485978e+02 6.503072903423547102e-02 6.620177626609802246e-02 1.344986884319216390e-02 2.546354383230209351e-02
1.584893192461117337e+02 6.616923370589505859e-02 6.721475720405578613e-02 1.370447375930927171e-02 2.572909742593765259e-02
1.621810097358933263e+02 6.732710441789856171e-02 6.824940443038940430e-02 1.396385682449869693e-02 2.599836885929107666e-02
1.659586907437564776e+02 6.850465060346959401e-02 6.930607557296752930e-02 1.422810604137870680e-02 2.627129107713699341e-02
1.698243652461749491e+02 6.970218593548034580e-02 7.038518786430358887e-02 1.449731096797613611e-02 2.654815465211868286e-02
1.737800828749379889e+02 7.092002835923706672e-02 7.148712873458862305e-02 1.477156274267273084e-02 2.682892233133316040e-02
1.778279410038926471e+02 7.215850012451954787e-02 7.261231541633605957e-02 1.505095410945121379e-02 2.711387723684310913e-02
1.819700858609988074e+02 7.341792781682433822e-02 7.376126945018768311e-02 1.533557944344048074e-02 2.740321308374404907e-02
1.862087136662873377e+02 7.469864238776063869e-02 7.493434846401214600e-02 1.562553477675905633e-02 2.769694477319717407e-02
1.905460717963252080e+02 7.600097918454566670e-02 7.613201439380645752e-02 1.592091782465583638e-02 2.799528837203979492e-02
1.949844599758049526e+02 7.732527797854497897e-02 7.735452055931091309e-02 1.622182801194676713e-02 2.829847484827041626e-02
1.995262314968884994e+02 7.867188299280036823e-02 7.860238850116729736e-02 1.652836649974572664e-02 2.860664576292037964e-02
2.041737944669535807e+02 8.004114292848796275e-02 7.987613976001739502e-02 1.684063621248787362e-02 2.891995757818222046e-02
2.089296130854045259e+02 8.143341099024603569e-02 8.117626607418060303e-02 1.715874186524346187e-02 2.923846989870071411e-02
2.137962089502236722e+02 8.284904491031094831e-02 8.250281214714050293e-02 1.748278999131937586e-02 2.956254035234451294e-02
2.187761623949558611e+02 8.428840697139697302e-02 8.385659754276275635e-02 1.781288897014590006e-02 2.989223599433898926e-02
2.238721138568346873e+02 8.575186402825459020e-02 8.523795008659362793e-02 1.814914905544543280e-02 3.022786974906921387e-02
2.290867652767779532e+02 8.723978752784053436e-02 8.664701879024505615e-02 1.849168240367995639e-02 3.056954219937324524e-02
2.344228815319927435e+02 8.875255352802922937e-02 8.808465301990509033e-02 1.884060310277336017e-02 3.091746568679809570e-02
2.398832919019497183e+02 9.029054271479479421e-02 8.955112099647521973e-02 1.919602720110450203e-02 3.127192705869674683e-02
2.454708915685038448e+02 9.185414041779009497e-02 9.104681015014648438e-02 1.955807273676642144e-02 3.163292258977890015e-02
2.511886431509587396e+02 9.344373662424812488e-02 9.257210791110992432e-02 1.992685976708701359e-02 3.200089931488037109e-02
2.570395782768869708e+02 9.505972599112828825e-02 9.412732720375061035e-02 2.030251039840560989e-02 3.237599879503250122e-02
2.630267991895389628e+02 9.670250785542801319e-02 9.571331739425659180e-02 2.068514881609980621e-02 3.275837004184722900e-02
2.691534803926924724e+02 9.837248624257852181e-02 9.733024239540100098e-02 2.107490131485624182e-02 3.314832597970962524e-02
2.754228703338174569e+02 1.000700698728425320e-01 9.897845983505249023e-02 2.147189632917880647e-02 3.354603797197341919e-02
2.818382931264460467e+02 1.017956721656273211e-01 1.006585359573364258e-01 2.187626446412698628e-02 3.395169973373413086e-02
2.884031503126614666e+02 1.035497112416265963e-01 1.023710221052169800e-01 2.228813852627673647e-02 3.436568379402160645e-02
2.951209226666396148e+02 1.053326099227011592e-01 1.041159778833389282e-01 2.270765355489555784e-02 3.478813171386718750e-02
3.019951720402025330e+02 1.071447957294080211e-01 1.058941334486007690e-01 2.313494685332334599e-02 3.521934896707534790e-02
3.090295432513598257e+02 1.089867008760838640e-01 1.077058762311935425e-01 2.357015802054943099e-02 3.565951436758041382e-02
3.162277660168389275e+02 1.108587622633870617e-01 1.095514670014381409e-01 2.401342898297605111e-02 3.610894083976745605e-02
3.235936569296294465e+02 1.127614214682015337e-01 1.114315316081047058e-01 2.446490402635769987e-02 3.656774759292602539e-02
3.311311214825921070e+02 1.146951247308023447e-01 1.133465245366096497e-01 2.492472982790544522e-02 3.703648597002029419e-02
3.388441561392034487e+02 1.166603229391824786e-01 1.152964755892753601e-01 2.539305548854426872e-02 3.751513361930847168e-02
3.467368504525327353e+02 1.186574716104360078e-01 1.172823384404182434e-01 2.587003256531102482e-02 3.800406306982040405e-02
3.548133892335767428e+02 1.206870308690928539e-01 1.193043664097785950e-01 2.635581510387993709e-02 3.850363194942474365e-02
3.630780547701024830e+02 1.227494654222987952e-01 1.213628128170967102e-01 2.685055967120188181e-02 3.901397436857223511e-02
3.715352290971735556e+02 1.248452445317299458e-01 1.234582439064979553e-01 2.735442538824282496e-02 3.953552246093750000e-02
3.801893963205624232e+02 1.269748419821317698e-01 1.255910992622375488e-01 2.786757396280593532e-02 4.006830602884292603e-02
3.890451449942820545e+02 1.291387360463690792e-01 1.277617514133453369e-01 2.839016972242147316e-02 4.061283171176910400e-02
3.981071705534985767e+02 1.313374094468730269e-01 1.299704909324645996e-01 2.892237964728733290e-02 4.116937518119812012e-02
4.073802778041138595e+02 1.335713493133691143e-01 1.322179436683654785e-01 2.946437340324273291e-02 4.173816740512847900e-02
4.168693834703367997e+02 1.358410471367670624e-01 1.345044374465942383e-01 3.001632337475599113e-02 4.231953620910644531e-02
4.265795188015943040e+02 1.381469987190941107e-01 1.368306577205657959e-01 3.057840469790708282e-02 4.291371256113052368e-02
4.365158322401674127e+02 1.404897041193509111e-01 1.391966044902801514e-01 3.115079529334462138e-02 4.352107644081115723e-02
4.466835921509643867e+02 1.428696675951674211e-01 1.416028738021850586e-01 3.173367589919569992e-02 4.414185881614685059e-02
4.570881896148765691e+02 1.452873975401346718e-01 1.440497934818267822e-01 3.232723010390620155e-02 4.477652907371520996e-02
4.677351412872000083e+02 1.477434064166882888e-01 1.465379893779754639e-01 3.293164437898807306e-02 4.542519152164459229e-02
4.786300923226399959e+02 1.502382106844175058e-01 1.490676403045654297e-01 3.354710811164959838e-02 4.608820378780364990e-02
4.897788193684476141e+02 1.527723307236729389e-01 1.516392827033996582e-01 3.417381363728272392e-02 4.676597565412521362e-02
5.011872336272740540e+02 1.553462907543450566e-01 1.542532444000244141e-01 3.481195627178102631e-02 4.745879769325256348e-02
5.128613839913668926e+02 1.579606187496838676e-01 1.569100320339202881e-01 3.546173434366055310e-02 4.816694557666778564e-02
5.248074602497744081e+02 1.606158463450330087e-01 1.596100330352783203e-01 3.612334922595498293e-02 4.889079183340072632e-02
5.370317963702543693e+02 1.633125087413461463e-01 1.623535156250000000e-01 3.679700536785485143e-02 4.963064938783645630e-02
5.495408738576264795e+02 1.660511446033565985e-01 1.651409268379211426e-01 3.748291032605959028e-02 5.038677155971527100e-02
5.623413251903514265e+02 1.688322959522703948e-01 1.679728627204895020e-01 3.818127479580998851e-02 5.115964263677597046e-02
5.754399373371589945e+02 1.716565080528519027e-01 1.708494722843170166e-01 3.889231264156756823e-02 5.194944888353347778e-02
5.888436553555908404e+02 1.745243292947733227e-01 1.737711429595947266e-01 3.961624092730559044e-02 5.275652557611465454e-02
6.025595860743599133e+02 1.774363110680967082e-01 1.767384409904479980e-01 4.035327994637550458e-02 5.358131229877471924e-02
6.165950018614847750e+02 1.803930076327613097e-01 1.797517240047454834e-01 4.110365325091094174e-02 5.442419648170471191e-02
6.309573444801956157e+02 1.833949759819471503e-01 1.828113198280334473e-01 4.186758768073066406e-02 5.528537184000015259e-02
6.456542290346575328e+02 1.864427756991891283e-01 1.859173476696014404e-01 4.264531339169954499e-02 5.616506189107894897e-02
6.606934480075984766e+02 1.895369688091139704e-01 1.890707910060882568e-01 4.343706388350591918e-02 5.706387013196945190e-02
6.760829753919846326e+02 1.926781196216766079e-01 1.922714710235595703e-01 4.424307602681167712e-02 5.798216164112091064e-02
6.918309709189391015e+02 1.958667945697752377e-01 1.955199837684631348e-01 4.506359008973064018e-02 5.891997367143630981e-02
7.079457843841402109e+02 1.991035620401226391e-01 1.988166272640228271e-01 4.589884976358864915e-02 5.987799912691116333e-02
7.244359600749928632e+02 2.023889921972565897e-01 2.021618485450744629e-01 4.674910218791735600e-02 6.085636466741561890e-02
7.413102413009207794e+02 2.057236568005734179e-01 2.055558264255523682e-01 4.761459797463217514e-02 6.185542047023773193e-02
7.585775750291867325e+02 2.091081290142743077e-01 2.089993655681610107e-01 4.849559123134374733e-02 6.287572532892227173e-02
7.762471166286943571e+02 2.125429832101131677e-01 2.124924063682556152e-01 4.939233958374998623e-02 6.391733884811401367e-02
7.943282347242845844e+02 2.160287947628418137e-01 2.160352170467376709e-01 5.030510419705414710e-02 6.498084962368011475e-02
8.128305161641028462e+02 2.195661398382496021e-01 2.196284830570220947e-01 5.123414979635317751e-02 6.606653332710266113e-02
8.317637711026742409e+02 2.231555951737026200e-01 2.232723534107208252e-01 5.217974468593913201e-02 6.717467308044433594e-02
8.511380382023794482e+02 2.267977378510884212e-01 2.269673645496368408e-01 5.314216076745351125e-02 6.830564141273498535e-02
8.709635899560840926e+02 2.304931450620783528e-01 2.307135164737701416e-01 5.412167355683417114e-02 6.945993006229400635e-02
8.912509381337495142e+02 2.342423938656262028e-01 2.345113754272460938e-01 5.511856219999160950e-02 7.063777744770050049e-02
9.120108393559133901e+02 2.380460609376276737e-01 2.383611500263214111e-01 5.613310948715061199e-02 7.183946669101715088e-02
9.332543007969943574e+02 2.419047223126699619e-01 2.422631680965423584e-01 5.716560186579083824e-02 7.306557893753051758e-02
9.549925860214398199e+02 2.458189531178073262e-01 2.462178766727447510e-01 5.821632945211827059e-02 7.431627810001373291e-02
9.772372209558151326e+02 2.497893272983081059e-01 2.502254545688629150e-01 5.928558604099794932e-02 7.559193670749664307e-02
1.000000000000004093e+03 2.538164173353238406e-01 2.542863488197326660e-01 6.037366911427686361e-02 7.689298689365386963e-02
1.023292992280757858e+03 2.579007939554406326e-01 2.584006488323211670e-01 6.148087984742362649e-02 7.821968197822570801e-02
1.047128548050903873e+03 2.620430258320786687e-01 2.625687718391418457e-01 6.260752311440972995e-02 7.957248389720916748e-02
1.071519305237611434e+03 2.662436792787182815e-01 2.667908072471618652e-01 6.375390749075612873e-02 8.095170557498931885e-02
1.096478196143189507e+03 2.705033179339388916e-01 2.710677087306976318e-01 6.492034525466694461e-02 8.235767483711242676e-02
1.122018454301967495e+03 2.748225024382671133e-01 2.753987312316894531e-01 6.610715238616990397e-02 8.379077911376953125e-02
1.148153621496887581e+03 2.792017901028374660e-01 2.797848880290985107e-01 6.731464856418198361e-02 8.525137603282928467e-02
1.174897554939535212e+03 2.836417345698870052e-01 2.842263281345367432e-01 6.854315716141656800e-02 8.673977851867675781e-02
1.202264434617417919e+03 2.881428854651102434e-01 2.887229025363922119e-01 6.979300523704783099e-02 8.825641870498657227e-02
1.230268770812386265e+03 2.927057880419161040e-01 2.932755351066589355e-01 7.106452352704527298e-02 8.980160951614379883e-02
1.258925411794172533e+03 2.973309828176372016e-01 2.978839576244354248e-01 7.235804643209010900e-02 9.137558937072753906e-02
1.288249551693140120e+03 3.020190052017605042e-01 3.025484383106231689e-01 7.367391200298419041e-02 9.297880530357360840e-02
1.318256738556412756e+03 3.067703851162561501e-01 3.072694242000579834e-01 7.501246192346044950e-02 9.461165964603424072e-02
1.348962882591658854e+03 3.115856466080988985e-01 3.120470046997070312e-01 7.637404149030224687e-02 9.627455472946166992e-02
1.380384264602890880e+03 3.164653074540877409e-01 3.168812692165374756e-01 7.775899959067764100e-02 9.796760976314544678e-02
1.412537544622761288e+03 3.214098787580862426e-01 3.217727243900299072e-01 7.916768867659340625e-02 9.969125688076019287e-02
1.445439770745933856e+03 3.264198645408231680e-01 3.267215490341186523e-01 8.060046473637312581e-02 1.014458239078521729e-01
1.479108388168213196e+03 3.314957613224036592e-01 3.317276835441589355e-01 8.205768726306153504e-02 1.032318770885467529e-01
1.513561248436215010e+03 3.366380576977027750e-01 3.367913067340850830e-01 8.353971921965629155e-02 1.050494611263275146e-01
1.548816618912489048e+03 3.418472339048246877e-01 3.419129252433776855e-01 8.504692700106832037e-02 1.068990528583526611e-01
1.584893192461120634e+03 3.471237613868355387e-01 3.470923900604248047e-01 8.657968039271089766e-02 1.087809801101684570e-01
1.621810097358936446e+03 3.524681023469870000e-01 3.523299992084503174e-01 8.813835252561569300e-02 1.106954813003540039e-01
1.659586907437568243e+03 3.578807092976707405e-01 3.576259613037109375e-01 8.972331982797494832e-02 1.126431077718734741e-01
1.698243652461753072e+03 3.633620246033619217e-01 3.629801869392395020e-01 9.133496197300756958e-02 1.146239340305328369e-01
1.737800828749383527e+03 3.689124800178266717e-01 3.683930337429046631e-01 9.297366182304697690e-02 1.166385114192962646e-01
1.778279410038930109e+03 3.745324962158916859e-01 3.738645911216735840e-01 9.463980536974869739e-02 1.186871528625488281e-01
1.819700858609991883e+03 3.802224823200858195e-01 3.793949186801910400e-01 9.633378167031457495e-02 1.207699924707412720e-01
1.862087136662877128e+03 3.859828354224922320e-01 3.849840760231018066e-01 9.805598277963126219e-02 1.228875070810317993e-01
1.905460717963256002e+03 3.918139401021644153e-01 3.906325101852416992e-01 9.980680367822239440e-02 1.250399798154830933e-01
1.949844599758053391e+03 3.977161679384810244e-01 3.963395357131958008e-01 1.015866421959114724e-01 1.272277832031250000e-01
1.995262314968889086e+03 4.036898770208326437e-01 4.021060168743133545e-01 1.033958989310955201e-01 1.294511705636978149e-01
2.041737944669539957e+03 4.097354114550575965e-01 4.079317748546600342e-01 1.052349771655293476e-01 1.317105293273925781e-01
2.089296130854049352e+03 4.158531008670648399e-01 4.138166308403015137e-01 1.071042827745226633e-01 1.340059489011764526e-01
2.137962089502241270e+03 4.220432599040983002e-01 4.197605550289154053e-01 1.090042241324520045e-01 1.363379806280136108e-01
2.187761623949562818e+03 4.283061877341202139e-01 4.257643818855285645e-01 1.109352120134917824e-01 1.387070268392562866e-01
2.238721138568351307e+03 4.346421675438139065e-01 4.318272173404693604e-01 1.128976594874714079e-01 1.411130726337432861e-01
2.290867652767783966e+03 4.410514660357247596e-01 4.379494488239288330e-01 1.148919818107662499e-01 1.435566097497940063e-01
2.344228815319932437e+03 4.475343329250786040e-01 4.441313743591308594e-01 1.169185963121340682e-01 1.460378468036651611e-01
2.398832919019502242e+03 4.540910004368374775e-01 4.503723084926605225e-01 1.189779222734094477e-01 1.485572606325149536e-01
2.454708915685043394e+03 4.607216828035729517e-01 4.566727578639984131e-01 1.210703808049730656e-01 1.511149406433105469e-01
2.511886431509592512e+03 4.674265757647579345e-01 4.630326032638549805e-01 1.231963947159166461e-01 1.537114232778549194e-01
2.570395782768875051e+03 4.742058560680967316e-01 4.694516956806182861e-01 1.253563883788259281e-01 1.563466042280197144e-01
2.630267991895394971e+03 4.810596809735305790e-01 4.759298264980316162e-01 1.275507875891092879e-01 1.590212732553482056e-01
2.691534803926930635e+03 4.879881877605749541e-01 4.824671447277069092e-01 1.297800194188041822e-01 1.617351621389389038e-01
2.754228703338180367e+03 4.949914932396679568e-01 4.890637397766113281e-01 1.320445120647979753e-01 1.644889414310455322e-01
2.818382931264466606e+03 5.020696932682199298e-01 4.957190752029418945e-01 1.343446946914046425e-01 1.672828495502471924e-01
2.884031503126620464e+03 5.092228622720709197e-01 5.024336576461791992e-01 1.366809972672435869e-01 1.701170802116394043e-01
2.951209226666402174e+03 5.164510527730858946e-01 5.092065930366516113e-01 1.390538503963738015e-01 1.729919314384460449e-01
3.019951720402031697e+03 5.237542949236250189e-01 5.160382390022277832e-01 1.414636851436431586e-01 1.759076416492462158e-01
3.090295432513604737e+03 5.311325960486472653e-01 5.229288339614868164e-01 1.439109328542171329e-01 1.788645386695861816e-01
3.162277660168395414e+03 5.385859401962083126e-01 5.298772454261779785e-01 1.463960249672600633e-01 1.818627417087554932e-01
3.235936569296301059e+03 5.461142876971402105e-01 5.368839502334594727e-01 1.489193928237488584e-01 1.849026381969451904e-01
3.311311214825927891e+03 5.537175747346987364e-01 5.439489483833312988e-01 1.514814674684075713e-01 1.879845857620239258e-01
3.388441561392041422e+03 5.613957129249842470e-01 5.510713458061218262e-01 1.540826794457589854e-01 1.911085247993469238e-01
3.467368504525334629e+03 5.691485889089380468e-01 5.582517385482788086e-01 1.567234585902974320e-01 1.942749619483947754e-01
3.548133892335774817e+03 5.769760639567385052e-01 5.654894113540649414e-01 1.594042338107974355e-01 1.974840462207794189e-01
3.630780547701032447e+03 5.848779735854147122e-01 5.727841258049011230e-01 1.621254328687833923e-01 2.007358968257904053e-01
3.715352290971743059e+03 5.928541271905084509e-01 5.801361799240112305e-01 1.648874821511919220e-01 2.040310800075531006e-01
3.801893963205632190e+03 6.009043076926094962e-01 5.875446796417236328e-01 1.676908064372736873e-01 2.073695063591003418e-01
3.890451449942828731e+03 6.090282711995962384e-01 5.950093865394592285e-01 1.705358286597880579e-01 2.107515037059783936e-01
3.981071705534993725e+03 6.172257466854156327e-01 6.025305986404418945e-01 1.734229696605598392e-01 2.141773402690887451e-01
4.073802778041147121e+03 6.254964356862257047e-01 6.101074814796447754e-01 1.763526479404759484e-01 2.176472246646881104e-01
4.168693834703376524e+03 6.338400120147272832e-01 6.177398562431335449e-01 1.793252794040131048e-01 2.211613059043884277e-01
4.265795188015951680e+03 6.422561214934977558e-01 6.254275441169738770e-01 1.823412770984006726e-01 2.247200906276702881e-01
4.365158322401683108e+03 6.507443817081457471e-01 6.331701874732971191e-01 1.854010509475376156e-01 2.283232212066650391e-01
4.466835921509653417e+03 6.593043817810786411e-01 6.409671902656555176e-01 1.885050074807926856e-01 2.319713830947875977e-01
4.570881896148775013e+03 6.679356821666738719e-01 6.488187313079833984e-01 1.916535495568340297e-01 2.356646955013275146e-01
4.677351412872009860e+03 6.766378144686286955e-01 6.567239165306091309e-01 1.948470760826471193e-01 2.394031882286071777e-01
4.786300923226409395e+03 6.854102812802460587e-01 6.646826267242431641e-01 1.980859817279167490e-01 2.431872189044952393e-01
4.897788193684486032e+03 6.942525560483989722e-01 6.726940274238586426e-01 2.013706566349618143e-01 2.470167279243469238e-01
5.011872336272750545e+03 7.031640829618902577e-01 6.807585954666137695e-01 2.047014861244287054e-01 2.508921623229980469e-01
5.128613839913679840e+03 7.121442768649038912e-01 6.888754367828369141e-01 2.080788503969631664e-01 2.548137903213500977e-01
5.248074602497755222e+03 7.211925231962301730e-01 6.970436573028564453e-01 2.115031242311008197e-01 2.587813735008239746e-01
5.370317963702554152e+03 7.303081779549005503e-01 7.052634358406066895e-01 2.149746766776280404e-01 2.627952098846435547e-01
5.495408738576275937e+03 7.394905676928562599e-01 7.135342955589294434e-01 2.184938707506841604e-01 2.668558359146118164e-01
5.623413251903525634e+03 7.487389895352343228e-01 7.218554615974426270e-01 2.220610631158926040e-01 2.709630131721496582e-01
5.754399373371601541e+03 7.580527112288293345e-01 7.302266955375671387e-01 2.256766037758268784e-01 2.751170396804809570e-01
5.888436553555920000e+03 7.674309712192461941e-01 7.386473417282104492e-01 2.293408357531324382e-01 2.793180644512176514e-01
6.025595860743611411e+03 7.768729787572257184e-01 7.471168637275695801e-01 2.330540947716426281e-01 2.835661470890045166e-01
6.165950018614859800e+03 7.863779140345855678e-01 7.556349039077758789e-01 2.368167089358474975e-01 2.878615260124206543e-01
6.309573444801968435e+03 7.959449283501823791e-01 7.642011642456054688e-01 2.406289984090885792e-01 2.922045290470123291e-01
6.456542290346588743e+03 8.055731443062490449e-01 7.728142738342285156e-01 2.444912750908723453e-01 2.965947091579437256e-01
6.606934480075998181e+03 8.152616560354198905e-01 7.814750671386718750e-01 2.484038422937093205e-01 3.010330498218536377e-01
6.760829753919860195e+03 8.250095294587156403e-01 7.901813983917236328e-01 2.523669944199063431e-01 3.055186867713928223e-01
6.918309709189405112e+03 8.348158025747047795e-01 7.989333868026733398e-01 2.563810166387561207e-01 3.100525140762329102e-01
7.079457843841416434e+03 8.446794857800115075e-01 8.077313303947448730e-01 2.604461845645820728e-01 3.146345317363739014e-01
7.244359600749942729e+03 8.545995622212848586e-01 8.165731430053710938e-01 2.645627639361163297e-01 3.192641735076904297e-01
7.413102413009222801e+03 8.645749881786995994e-01 8.254590034484863281e-01 2.687310102977021886e-01 3.239423334598541260e-01
7.585775750291882105e+03 8.746046934809955653e-01 8.343887329101562500e-01 2.729511686828306471e-01 3.286691009998321533e-01
7.762471166286959487e+03 8.846875819520197970e-01 8.433605432510375977e-01 2.772234733005346508e-01 3.334439098834991455e-01
7.943282347242861761e+03 8.948225318886602331e-01 8.523744940757751465e-01 2.815481472251767370e-01 3.382672667503356934e-01
8.128305161641044833e+03 9.050083965700238542e-01 8.614304661750793457e-01 2.859254020901845772e-01 3.431394994258880615e-01
8.317637711026760371e+03 9.152440047976437842e-01 8.705264925956726074e-01 2.903554377862989089e-01 3.480602502822875977e-01
8.511380382023811762e+03 9.255281614664419010e-01 8.796629905700683594e-01 2.948384421649124509e-01 3.530296683311462402e-01
8.709635899560858888e+03 9.358596481661158872e-01 8.888392448425292969e-01 2.993745907470879430e-01 3.580482006072998047e-01
8.912509381337513332e+03 9.462372238125622559e-01 8.980538249015808105e-01 3.039640464388563279e-01 3.631153106689453125e-01
9.120108393559152319e+03 9.566596253088865964e-01 9.073066115379333496e-01 3.086069592534066985e-01 3.682313561439514160e-01
9.332543007969961764e+03 9.671255682354972238e-01 9.165977239608764648e-01 3.133034660407850724e-01 3.733967840671539307e-01
9.549925860214418208e+03 9.776337475687072454e-01 9.259243011474609375e-01 3.180536902257297127e-01 3.786109685897827148e-01
9.772372209558172472e+03 9.881828384272297594e-01 9.352877140045166016e-01 3.228577415542734919e-01 3.838742673397064209e-01
1.000000000000006185e+04 9.987714968458801801e-01 9.446860551834106445e-01 3.277157158497556733e-01 3.891866505146026611e-01
1.023292992280759972e+04 1.009398360575746834e+00 9.541192054748535156e-01 3.326276947788818772e-01 3.945482373237609863e-01
1.047128548050907011e+04 1.020062049910033908e+00 9.635863304138183594e-01 3.375937456284758276e-01 3.999591469764709473e-01
1.071519305237613662e+04 1.030761168534723771e+00 9.730860590934753418e-01 3.426139210935689183e-01 4.054190218448638916e-01
1.096478196143191781e+04 1.041494304403166593e+00 9.826182723045349121e-01 3.476882590774746373e-01 4.109281003475189209e-01
1.122018454301969905e+04 1.052260030633620280e+00 9.921824336051940918e-01 3.528167825044839501e-01 4.164866209030151367e-01
1.148153621496888809e+04 1.063056906428750503e+00 1.001777172088623047e+00 3.579994991458251841e-01 4.220940768718719482e-01
1.174897554939537440e+04 1.073883478016029569e+00 1.011402368545532227e+00 3.632364014595179658e-01 4.277509152889251709e-01
1.202264434617420557e+04 1.084738279607918798e+00 1.021057009696960449e+00 3.685274664447455994e-01 4.334572255611419678e-01
1.230268770812388721e+04 1.095619834380708202e+00 1.030739784240722656e+00 3.738726555113659478e-01 4.392123222351074219e-01
1.258925411794176398e+04 1.106526655470798648e+00 1.040450215339660645e+00 3.792719143651595570e-01 4.450166225433349609e-01
1.288249551693142894e+04 1.117457246987201502e+00 1.050188422203063965e+00 3.847251729094078865e-01 4.508704245090484619e-01
1.318256738556415439e+04 1.128410105038992528e+00 1.059952497482299805e+00 3.902323451633840090e-01 4.567731022834777832e-01
1.348962882591661582e+04 1.139383718776401988e+00 1.069742202758789062e+00 3.957933291983062318e-01 4.627251625061035156e-01
1.380384264602892290e+04 1.150376571444204465e+00 1.079556584358215332e+00 4.014080070913010334e-01 4.687261581420898438e-01
1.412537544622764108e+04 1.161387141446040827e+00 1.089394569396972656e+00 4.070762448978954007e-01 4.747760295867919922e-01
1.445439770745936767e+04 1.172413903418268566e+00 1.099256396293640137e+00 4.127978926435296181e-01 4.808751642704010010e-01
1.479108388168216334e+04 1.183455329311932980e+00 1.109139680862426758e+00 4.185727843345732335e-01 4.870228469371795654e-01
1.513561248436219466e+04 1.194509889481395470e+00 1.119044661521911621e+00 4.244007379892769660e-01 4.932194948196411133e-01
1.548816618912492231e+04 1.205576053778173007e+00 1.128970742225646973e+00 4.302815556890839388e-01 4.994649887084960938e-01
1.584893192461123908e+04 1.216652292648512157e+00 1.138916969299316406e+00 4.362150236506880940e-01 5.057595372200012207e-01
1.621810097358939856e+04 1.227737078233201107e+00 1.148881793022155762e+00 4.422009123191856794e-01 5.121021866798400879e-01
1.659586907437569971e+04 1.238828885468131302e+00 1.158865213394165039e+00 4.482389764826431588e-01 5.184937119483947754e-01
1.698243652461756574e+04 1.249926193184106804e+00 1.168865799903869629e+00 4.543289554083626003e-01 5.249334573745727539e-01
1.737800828749387074e+04 1.261027485204390119e+00 1.178883314132690430e+00 4.604705730010861253e-01 5.314215421676635742e-01
1.778279410038933565e+04 1.272131251438503474e+00 1.188916921615600586e+00 4.666635379833519726e-01 5.379583239555358887e-01
1.819700858609997522e+04 1.283235988970759411e+00 1.198965549468994141e+00 4.729075440981520551e-01 5.445432066917419434e-01
1.862087136662880948e+04 1.294340203142058332e+00 1.209028244018554688e+00 4.792022703340210188e-01 5.511757135391235352e-01
1.905460717963259958e+04 1.305442408623464834e+00 1.219105005264282227e+00 4.855473811726323530e-01 5.578567385673522949e-01
1.949844599758057302e+04 1.316541130480099131e+00 1.229194045066833496e+00 4.919425268589260325e-01 5.645850300788879395e-01
1.995262314968890860e+04 1.327634905223897821e+00 1.239295482635498047e+00 4.983873436937541479e-01 5.713614821434020996e-01
2.041737944669544231e+04 1.338722281853830021e+00 1.249407529830932617e+00 5.048814543489832385e-01 5.781853199005126953e-01
2.089296130854053627e+04 1.349801822882150448e+00 1.259529948234558105e+00 5.114244682049311486e-01 5.850566625595092773e-01
2.137962089502245726e+04 1.360872105345335870e+00 1.269662499427795410e+00 5.180159817099890818e-01 5.919752120971679688e-01
2.187761623949569912e+04 1.371931721798344661e+00 1.279803156852722168e+00 5.246555787621993705e-01 5.989407896995544434e-01
2.238721138568356037e+04 1.382979281290887430e+00 1.289951801300048828e+00 5.313428311125347747e-01 6.059532761573791504e-01
2.290867652767788968e+04 1.394013410324446589e+00 1.300107717514038086e+00 5.380772987895647841e-01 6.130129694938659668e-01
2.344228815319936984e+04 1.405032753788783673e+00 1.310270071029663086e+00 5.448585305451305594e-01 6.201189160346984863e-01
2.398832919019504698e+04 1.416035975876743791e+00 1.320438623428344727e+00 5.516860643206225046e-01 6.272718310356140137e-01
2.454708915685048487e+04 1.427021760976197928e+00 1.330611586570739746e+00 5.585594277333790769e-01 6.344708800315856934e-01
2.511886431509597605e+04 1.437988814537998872e+00 1.340788364410400391e+00 5.654781385826901374e-01 6.417158246040344238e-01
2.570395782768880235e+04 1.448935863918891398e+00 1.350968122482299805e+00 5.724417053748335205e-01 6.490068435668945312e-01
2.630267991895402884e+04 1.459861659198344430e+00 1.361151456832885742e+00 5.794496278665139943e-01 6.563438773155212402e-01
2.691534803926936002e+04 1.470764973968324396e+00 1.371335744857788086e+00 5.865013976260357031e-01 6.637260913848876953e-01
2.754228703338185733e+04 1.481644606095108507e+00 1.381522417068481445e+00 5.935964986114909969e-01 6.711546182632446289e-01
2.818382931264472427e+04 1.492499378452233794e+00 1.391708374023437500e+00 6.007344077651860514e-01 6.786273717880249023e-01
2.884031503126623284e+04 1.503328139623786530e+00 1.401893615722656250e+00 6.079145956234941472e-01 6.861449480056762695e-01
2.951209226666407994e+04 1.514129764577250681e+00 1.412078261375427246e+00 6.151365269412759629e-01 6.937079429626464844e-01
3.019951720402037608e+04 1.524903155305202151e+00 1.422260761260986328e+00 6.223996613299569436e-01 7.013151049613952637e-01
3.090295432513611013e+04 1.535647241435205368e+00 1.432440280914306641e+00 6.297034539083257165e-01 7.089664340019226074e-01
3.162277660168405055e+04 1.546360980807286900e+00 1.442617654800415039e+00 6.370473559650580153e-01 7.166627049446105957e-01
3.235936569296307425e+04 1.557043360018453892e+00 1.452790498733520508e+00 6.444308156319475955e-01 7.244021296501159668e-01
3.311311214825934439e+04 1.567693394933764583e+00 1.462957978248596191e+00 6.518532785667892071e-01 7.321849465370178223e-01
3.388441561392047879e+04 1.578310131163505270e+00 1.473120808601379395e+00 6.593141886448145028e-01 7.400115728378295898e-01
3.467368504525337630e+04 1.588892644506101348e+00 1.483276844024658203e+00 6.668129886575643317e-01 7.478809952735900879e-01
3.548133892335782002e+04 1.599440041356432696e+00 1.493426322937011719e+00 6.743491210180450057e-01 7.557934522628784180e-01
3.630780547701039904e+04 1.609951459079280944e+00 1.503569245338439941e+00 6.819220284709894830e-01 7.637491822242736816e-01
3.715352290971750335e+04 1.620426066347696814e+00 1.513703107833862305e+00 6.895311548070357510e-01 7.717462182044982910e-01
3.801893963205643377e+04 1.630863063446115424e+00 1.523828625679016113e+00 6.971759455795887295e-01 7.797859907150268555e-01
3.890451449942836916e+04 1.641261682538108335e+00 1.533944249153137207e+00 7.048558488231406738e-01 7.878670692443847656e-01
3.981071705535001820e+04 1.651621187898725029e+00 1.544049739837646484e+00 7.125703157718014102e-01 7.959898114204406738e-01
4.073802778041155398e+04 1.661940876111389853e+00 1.554144978523254395e+00 7.203188015767721941e-01 8.041543960571289062e-01
4.168693834703380708e+04 1.672220076229415708e+00 1.564228773117065430e+00 7.281007660214992017e-01 8.123596310615539551e-01
4.265795188015960593e+04 1.682458149902209099e+00 1.574299812316894531e+00 7.359156742332361167e-01 8.206055164337158203e-01
4.365158322401691839e+04 1.692654491466297539e+00 1.584359407424926758e+00 7.437629973897355029e-01 8.288918733596801758e-01
4.466835921509662148e+04 1.702808528001373389e+00 1.594405055046081543e+00 7.516422134198074145e-01 8.372181653976440430e-01
4.570881896148789383e+04 1.712919719351555736e+00 1.604437112808227539e+00 7.595528076964663811e-01 8.455841541290283203e-01
4.677351412872019137e+04 1.722987558112141881e+00 1.614454984664916992e+00 7.674942737214113242e-01 8.539900779724121094e-01
4.786300923226419400e+04 1.733011569582165512e+00 1.624458074569702148e+00 7.754661137995972897e-01 8.624353408813476562e-01
4.897788193684496218e+04 1.742991311683083522e+00 1.634445190429687500e+00 7.834678397026513252e-01 8.709188699722290039e-01
5.011872336272755638e+04 1.752926374843983837e+00 1.644416570663452148e+00 7.914989733199250255e-01 8.794416189193725586e-01
5.128613839913690026e+04 1.762816381853731684e+00 1.654370784759521484e+00 7.995590472959808181e-01 8.880020976066589355e-01
5.248074602497765591e+04 1.772660987680492850e+00 1.664308190345764160e+00 8.076476056533377079e-01 8.966005444526672363e-01
5.370317963702565612e+04 1.782459879259132407e+00 1.674227952957153320e+00 8.157642043993323933e-01 9.052370786666870117e-01
5.495408738576293399e+04 1.792212775246983636e+00 1.684129714965820312e+00 8.239084121159647722e-01 9.139108061790466309e-01
5.623413251903536730e+04 1.801919425748535364e+00 1.694012403488159180e+00 8.320798105316418170e-01 9.226213693618774414e-01
5.754399373371613910e+04 1.811579612009612372e+00 1.703876137733459473e+00 8.402779950737669923e-01 9.313687086105346680e-01
5.888436553555932187e+04 1.821193146081627079e+00 1.713719725608825684e+00 8.485025754011429333e-01 9.401519894599914551e-01
6.025595860743617959e+04 1.830759870456528438e+00 1.723543405532836914e+00 8.567531759152099413e-01 9.489718079566955566e-01
6.165950018614872533e+04 1.840279657673089764e+00 1.733345985412597656e+00 8.650294362491727229e-01 9.578266739845275879e-01
6.309573444801981532e+04 1.849752409895182081e+00 1.743127822875976562e+00 8.733310117341073209e-01 9.667170047760009766e-01
6.456542290346602385e+04 1.859178058462728655e+00 1.752887964248657227e+00 8.816575738411999152e-01 9.756425619125366211e-01
6.606934480076018372e+04 1.868556563416024163e+00 1.762625694274902344e+00 8.900088105992862708e-01 9.846022129058837891e-01
6.760829753919874202e+04 1.877887912994129493e+00 1.772341012954711914e+00 8.983844269869286636e-01 9.935958385467529297e-01
6.918309709189418936e+04 1.887172123108086241e+00 1.782033443450927734e+00 9.067841452983154138e-01 1.002623915672302246e+00
7.079457843841431895e+04 1.896409236789671660e+00 1.791702270507812500e+00 9.152077054822970181e-01 1.011685132980346680e+00
7.244359600749950914e+04 1.905599323616463003e+00 1.801347613334655762e+00 9.236548654539420422e-01 1.020779609680175781e+00
7.413102413009238080e+04 1.914742479113968221e+00 1.810968756675720215e+00 9.321254013780390091e-01 1.029906988143920898e+00
7.585775750291897566e+04 1.923838824135602144e+00 1.820564746856689453e+00 9.406191079240167063e-01 1.039066195487976074e+00
7.762471166286975495e+04 1.932888504221298875e+00 1.830135822296142578e+00 9.491357984918239454e-01 1.048257470130920410e+00
7.943282347242886317e+04 1.941891688935541538e+00 1.839681744575500488e+00 9.576753054083325667e-01 1.057480931282043457e+00
8.128305161641062296e+04 1.950848571185622049e+00 1.849201917648315430e+00 9.662374800939084185e-01 1.066734910011291504e+00
8.317637711026777106e+04 1.959759366520944512e+00 1.858696222305297852e+00 9.748221931988358957e-01 1.076020598411560059e+00
8.511380382023828861e+04 1.968624312414174238e+00 1.868163824081420898e+00 9.834293347093246984e-01 1.085336565971374512e+00
8.709635899560867983e+04 1.977443667525063731e+00 1.877604365348815918e+00 9.920588140228939755e-01 1.094682097434997559e+00
8.912509381337532250e+04 1.986217710947784765e+00 1.887018442153930664e+00 1.000710559992972648e+00 1.104058027267456055e+00
9.120108393559171236e+04 1.994946741442595206e+00 1.896404266357421875e+00 1.009384520942602448e+00 1.113462805747985840e+00
9.332543007969981409e+04 2.003631076652682808e+00 1.905762195587158203e+00 1.018080664647196931e+00 1.122896194458007812e+00
9.549925860214447312e+04 2.012271052307027297e+00 1.915092945098876953e+00 1.026798978286330932e+00 1.132359266281127930e+00
9.772372209558192117e+04 2.020867021410123865e+00 1.924394369125366211e+00 1.035539468364607529e+00 1.141849279403686523e+00
1.000000000000008149e+05 2.029419353419432248e+00 1.933667421340942383e+00 1.044302160601697782e+00 1.151367545127868652e+00
1.023292992280761973e+05 2.037928433411397400e+00 1.942911624908447266e+00 1.053087099791670811e+00 1.160913467407226562e+00
1.047128548050907120e+05 2.046394661236902834e+00 1.952126264572143555e+00 1.061894349631806289e+00 1.170485854148864746e+00
1.071519305237615772e+05 2.054818450667032170e+00 1.961311101913452148e+00 1.070723992521108059e+00 1.180084466934204102e+00
1.096478196143194073e+05 2.063200228529998181e+00 1.970467567443847656e+00 1.079576129328784662e+00 1.189710378646850586e+00
1.122018454301972088e+05 2.071540433840125317e+00 1.979592800140380859e+00 1.088450879133014526e+00 1.199361205101013184e+00
1.148153621496893466e+05 2.079839516919757880e+00 1.988687753677368164e+00 1.097348378930333990e+00 1.209037303924560547e+00
1.174897554939539987e+05 2.088097938514979379e+00 1.997752428054809570e+00 1.106268783316039395e+00 1.218738794326782227e+00
1.202264434617422958e+05 2.096316168906045441e+00 2.006786346435546875e+00 1.115212264136044018e+00 1.228464603424072266e+00
1.230268770812391158e+05 2.104494687013414911e+00 2.015789747238159180e+00 1.124179010110629484e+00 1.238214373588562012e+00
1.258925411794176471e+05 2.112633979500290415e+00 2.024761438369750977e+00 1.133169226430608800e+00 1.247987985610961914e+00
1.288249551693145477e+05 2.120734539872570323e+00 2.033701658248901367e+00 1.142183134326422822e+00 1.257784724235534668e+00
1.318256738556418277e+05 2.128796867577138929e+00 2.042610645294189453e+00 1.151220970610733696e+00 1.267604589462280273e+00
1.348962882591664384e+05 2.136821467099410121e+00 2.051487445831298828e+00 1.160282987195116799e+00 1.277446508407592773e+00
1.380384264602898038e+05 2.144808847061054902e+00 2.060332536697387695e+00 1.169369450581461578e+00 1.287310361862182617e+00
1.412537544622767018e+05 2.152759519318850678e+00 2.069145679473876953e+00 1.178480641328737644e+00 1.297196149826049805e+00
1.445439770745939750e+05 2.160673998065604451e+00 2.077927112579345703e+00 1.187616853495810254e+00 1.307103633880615234e+00
1.479108388168219244e+05 2.168552798934088699e+00 2.086675167083740234e+00 1.196778394060986850e+00 1.317031383514404297e+00
1.513561248436219466e+05 2.176396438104958531e+00 2.095391035079956055e+00 1.205965582319039830e+00 1.326979637145996094e+00
1.548816618912495323e+05 2.184205431419614207e+00 2.104073762893676758e+00 1.215178749256436763e+00 1.336947321891784668e+00
1.584893192461127182e+05 2.191980293498980714e+00 2.112723827362060547e+00 1.224418236905549850e+00 1.346934914588928223e+00
1.621810097358943021e+05 2.199721536869193361e+00 2.121341228485107422e+00 1.233684397678639133e+00 1.356941819190979004e+00
1.659586907437576738e+05 2.207429671095170409e+00 2.129925489425659180e+00 1.242977593682399462e+00 1.366967678070068359e+00
1.698243652461759921e+05 2.215105201923062150e+00 2.138476610183715820e+00 1.252298196013898801e+00 1.377011418342590332e+00
1.737800828749390494e+05 2.222748630432594741e+00 2.146993875503540039e+00 1.261646584038758734e+00 1.387072682380676270e+00
1.778279410038937349e+05 2.230360452200294663e+00 2.155477523803710938e+00 1.271023144652402515e+00 1.397151470184326172e+00
1.819700858609997376e+05 2.237941156474616555e+00 2.163928270339965820e+00 1.280428271525265504e+00 1.407247543334960938e+00
1.862087136662884732e+05 2.245491225363981158e+00 2.172344923019409180e+00 1.289862364332827305e+00 1.417359828948974609e+00
1.905460717963263742e+05 2.253011133038748781e+00 2.180727958679199219e+00 1.299325827971364200e+00 1.427488803863525391e+00
1.949844599758061522e+05 2.260501344948141256e+00 2.189077615737915039e+00 1.308819071760331632e+00 1.437633395195007324e+00
1.995262314968899300e+05 2.267962317053129784e+00 2.197392940521240234e+00 1.318342508632273535e+00 1.447792768478393555e+00
2.041737944669548306e+05 2.275394495076311863e+00 2.205673933029174805e+00 1.327896554311192912e+00 1.457967162132263184e+00
2.089296130854057847e+05 2.282798313769798693e+00 2.213921785354614258e+00 1.337481626480315544e+00 1.468156576156616211e+00
2.137962089502250019e+05 2.290174196202112267e+00 2.222134828567504883e+00 1.347098143940176573e+00 1.478359460830688477e+00
2.187761623949569766e+05 2.297522553065113549e+00 2.230314016342163086e+00 1.356746525757983601e+00 1.488576292991638184e+00
2.238721138568360766e+05 2.304843782001951169e+00 2.238459587097167969e+00 1.366427190409214898e+00 1.498806476593017578e+00
2.290867652767793334e+05 2.312138266957028954e+00 2.246569871902465820e+00 1.376140554912395508e+00 1.509048819541931152e+00
2.344228815319941787e+05 2.319406377548973275e+00 2.254646301269531250e+00 1.385887033958043801e+00 1.519303798675537109e+00
2.398832919019514520e+05 2.326648468467553243e+00 2.262688875198364258e+00 1.395667039032733037e+00 1.529570817947387695e+00
2.454708915685053507e+05 2.333864878895513861e+00 2.270696640014648438e+00 1.405480977539256049e+00 1.539849042892456055e+00
2.511886431509602698e+05 2.341055931956259606e+00 2.278670549392700195e+00 1.415329251913886477e+00 1.550139069557189941e+00
2.570395782768885547e+05 2.348221934188278404e+00 2.286610364913940430e+00 1.425212258741691551e+00 1.560439586639404297e+00
2.630267991895403247e+05 2.355363175047210156e+00 2.294515132904052734e+00 1.435130387870913626e+00 1.570749759674072266e+00
2.691534803926941240e+05 2.362479926436417355e+00 2.302385807037353516e+00 1.445084021527395013e+00 1.581070303916931152e+00
2.754228703338191262e+05 2.369572442266871803e+00 2.310222148895263672e+00 1.455073533430039978e+00 1.591399788856506348e+00
2.818382931264478248e+05 2.376640958047187002e+00 2.318023681640625000e+00 1.465099287908328218e+00 1.601738214492797852e+00
2.884031503126635216e+05 2.383685690504524057e+00 2.325791597366333008e+00 1.475161639022851467e+00 1.612086057662963867e+00
2.951209226666414179e+05 2.390706837237124294e+00 2.333524942398071289e+00 1.485260929689891540e+00 1.622441768646240234e+00
3.019951720402044011e+05 2.397704576399135146e+00 2.341223716735839844e+00 1.495397490811041674e+00 1.632804751396179199e+00
3.090295432513617561e+05 2.404679066418383915e+00 2.348888397216796875e+00 1.505571640408856382e+00 1.643175601959228516e+00
3.162277660168405273e+05 2.411630445747674489e+00 2.356518507003784180e+00 1.515783682769547891e+00 1.653553128242492676e+00
3.235936569296314265e+05 2.418558832650166579e+00 2.364114761352539062e+00 1.526033907593726369e+00 1.663936853408813477e+00
3.311311214825941715e+05 2.425464325019317080e+00 2.371677398681640625e+00 1.536322589156172480e+00 1.674328088760375977e+00
3.388441561392055009e+05 2.432347000233824996e+00 2.379204750061035156e+00 1.546649985475662792e+00 1.684723377227783203e+00
3.467368504525352037e+05 2.439206915047947621e+00 2.386698246002197266e+00 1.557016337495827685e+00 1.695124387741088867e+00
3.548133892335789278e+05 2.446044105517507283e+00 2.394157886505126953e+00 1.567421868278032981e+00 1.705530881881713867e+00
3.630780547701047035e+05 2.452858586961838228e+00 2.401583194732666016e+00 1.577866782207300034e+00 1.715941190719604492e+00
3.715352290971758193e+05 2.459650353961858826e+00 2.408974885940551758e+00 1.588351264212219949e+00 1.726355791091918945e+00
3.801893963205643813e+05 2.466419380394379246e+00 2.416332721710205078e+00 1.598875478999864708e+00 1.736774563789367676e+00
3.890451449942844338e+05 2.473165619502700530e+00 2.423655986785888672e+00 1.609439570306664624e+00 1.747196197509765625e+00
3.981071705535009969e+05 2.479889004003458464e+00 2.430946350097656250e+00 1.620043660166213595e+00 1.757620573043823242e+00
4.073802778041163692e+05 2.486589446229639400e+00 2.438202381134033203e+00 1.630687848194983580e+00 1.768047213554382324e+00
4.168693834703397588e+05 2.493266838309559308e+00 2.445424556732177734e+00 1.641372210896876460e+00 1.778476119041442871e+00
4.265795188015968888e+05 2.499921052381569808e+00 2.452613353729248047e+00 1.652096800987571390e+00 1.788907051086425781e+00
4.365158322401701007e+05 2.506551940844158999e+00 2.459769248962402344e+00 1.662861646739604682e+00 1.799339294433593750e+00
4.466835921509671607e+05 2.513159336641025643e+00 2.466890335083007812e+00 1.673666751349082604e+00 1.809772014617919922e+00
4.570881896148789092e+05 2.519743053580646208e+00 2.473978996276855469e+00 1.684512092324960353e+00 1.820205569267272949e+00
4.677351412872028886e+05 2.526302886689760108e+00 2.481034278869628906e+00 1.695397620901756053e+00 1.830638647079467773e+00
4.786300923226429150e+05 2.532838612600123884e+00 2.488055706024169922e+00 1.706323261476593078e+00 1.841071605682373047e+00
4.897788193684506696e+05 2.539349989967814469e+00 2.495044708251953125e+00 1.717288911071429336e+00 1.851504325866699219e+00
5.011872336272776010e+05 2.545836759924264392e+00 2.502000331878662109e+00 1.728294438821306400e+00 1.861936092376708984e+00
5.128613839913700358e+05 2.552298646558159412e+00 2.508923530578613281e+00 1.739339685489442733e+00 1.872366189956665039e+00
5.248074602497776505e+05 2.558735357427230905e+00 2.515812873840332031e+00 1.750424463009986331e+00 1.882794380187988281e+00
5.370317963702576235e+05 2.565146584098923377e+00 2.522669792175292969e+00 1.761548554059177318e+00 1.893220305442810059e+00
5.495408738576293690e+05 2.571532002718822874e+00 2.529494524002075195e+00 1.772711711655694966e+00 1.903643846511840820e+00
5.623413251903548371e+05 2.577891274605682792e+00 2.536286115646362305e+00 1.783913658790906354e+00 1.914064049720764160e+00
5.754399373371625552e+05 2.584224046871809399e+00 2.543045520782470703e+00 1.795154088089709443e+00 1.924481630325317383e+00
5.888436553555943538e+05 2.590529953067501001e+00 2.549772977828979492e+00 1.806432661502658021e+00 1.934895515441894531e+00
6.025595860743642552e+05 2.596808613848187175e+00 2.556467771530151367e+00 1.817749010029980905e+00 1.945304512977600098e+00
6.165950018614885630e+05 2.603059637662834103e+00 2.563129901885986328e+00 1.829102733478116916e+00 1.955708980560302734e+00
6.309573444801993901e+05 2.609282621462175822e+00 2.569760799407958984e+00 1.840493400249331835e+00 1.966109395027160645e+00
6.456542290346615482e+05 2.615477151425211311e+00 2.576359272003173828e+00 1.851920547164950914e+00 1.976504325866699219e+00
6.606934480076018954e+05 2.621642803702443292e+00 2.582926273345947266e+00 1.863383679322693887e+00 1.986894369125366211e+00
6.760829753919887589e+05 2.627779145174228059e+00 2.589462041854858398e+00 1.874882269988584760e+00 1.997278213500976562e+00
6.918309709189432906e+05 2.633885734222610964e+00 2.595965385437011719e+00 1.886415760523832086e+00 2.007655143737792969e+00
7.079457843841445865e+05 2.639962121514978222e+00 2.602437973022460938e+00 1.897983560347071386e+00 2.018026351928710938e+00
7.244359600749979727e+05 2.646007850797830852e+00 2.608878612518310547e+00 1.909585046932277486e+00 2.028389930725097656e+00
7.413102413009252632e+05 2.652022459698961665e+00 2.615287780761718750e+00 1.921219565842637644e+00 2.038745880126953125e+00
7.585775750291913282e+05 2.658005480536321574e+00 2.621666669845581055e+00 1.932886430800626387e+00 2.049095153808593750e+00
7.762471166286991211e+05 2.663956441131828612e+00 2.628014564514160156e+00 1.944584923794448583e+00 2.059436798095703125e+00
7.943282347242886899e+05 2.669874865628378835e+00 2.634330749511718750e+00 1.956314295221003530e+00 2.069768667221069336e+00
8.128305161641078303e+05 2.675760275308329383e+00 2.640617847442626953e+00 1.968073764065441988e+00 2.080092906951904297e+00
8.317637711026794277e+05 2.681612189411716418e+00 2.646872520446777344e+00 1.979862518117349479e+00 2.090407371520996094e+00
8.511380382023846032e+05 2.687430125952491089e+00 2.653097867965698242e+00 1.991679714223544950e+00 2.100712776184082031e+00
8.709635899560903199e+05 2.693213602531077555e+00 2.659293174743652344e+00 2.003524478577393797e+00 2.111008644104003906e+00
8.912509381337550003e+05 2.698962137141566853e+00 2.665457725524902344e+00 2.015395907044522872e+00 2.121294975280761719e+00
9.120108393559190445e+05 2.704675248971914137e+00 2.671592950820922852e+00 2.027293065524744975e+00 2.131569862365722656e+00
9.332543007970000617e+05 2.710352459195507269e+00 2.677697658538818359e+00 2.039214990349937917e+00 2.141835212707519531e+00
9.549925860214446438e+05 2.715993291752545780e+00 2.683772563934326172e+00 2.051160688717585945e+00 2.152088642120361328e+00
9.772372209558211034e+05 2.721597274119688770e+00 2.689817905426025391e+00 2.063129139159614933e+00 2.162331104278564453e+00
1.000000000000010245e+06 2.727163938066486271e+00 2.695834159851074219e+00 2.075119292046107677e+00 2.172562122344970703e+00
1.023292992280764040e+06 2.732692820397166766e+00 2.701821088790893555e+00 2.087130070123426329e+00 2.182781219482421875e+00
1.047128548050911399e+06 2.738183463676402862e+00 2.707778692245483398e+00 2.099160369086196631e+00 2.192987918853759766e+00
1.071519305237618042e+06 2.743635416937720617e+00 2.713707447052001953e+00 2.111209058182569542e+00 2.203181743621826172e+00
1.096478196143196430e+06 2.749048236373330845e+00 2.719606876373291016e+00 2.123274980852116300e+00 2.213362693786621094e+00
1.122018454301974503e+06 2.754421486004156261e+00 2.725478172302246094e+00 2.135356955395634415e+00 2.223531007766723633e+00
1.148153621496893466e+06 2.759754738328962453e+00 2.731320142745971680e+00 2.147453775676126497e+00 2.233684778213500977e+00
1.174897554939542431e+06 2.765047574951531750e+00 2.737134456634521484e+00 2.159564211850105497e+00 2.243826150894165039e+00
1.202264434617425315e+06 2.770299587184906098e+00 2.742920398712158203e+00 2.171687011128380362e+00 2.253952980041503906e+00
1.230268770812393632e+06 2.775510376631808995e+00 2.748677730560302734e+00 2.183820898565389079e+00 2.264065265655517578e+00
1.258925411794181680e+06 2.780679555740413811e+00 2.754406690597534180e+00 2.195964577876095891e+00 2.274162292480468750e+00
1.288249551693147980e+06 2.785806748334719529e+00 2.760109186172485352e+00 2.208116732279427730e+00 2.284245491027832031e+00
1.318256738556420896e+06 2.790891590118880661e+00 2.765783309936523438e+00 2.220276025367193817e+00 2.294312000274658203e+00
1.348962882591667119e+06 2.795933729154890024e+00 2.771429777145385742e+00 2.232441101997333810e+00 2.304363965988159180e+00
1.380384264602897922e+06 2.800932826313121904e+00 2.777049303054809570e+00 2.244610589210354945e+00 2.314401149749755859e+00
1.412537544622769812e+06 2.805888555695319031e+00 2.782641172409057617e+00 2.256783097167737395e+00 2.324419975280761719e+00
1.445439770745942835e+06 2.810800605029655230e+00 2.788205862045288086e+00 2.268957220111049278e+00 2.334423542022705078e+00
1.479108388168222271e+06 2.815668676037645479e+00 2.793744087219238281e+00 2.281131537340509219e+00 2.344410896301269531e+00
1.513561248436225811e+06 2.820492484772682218e+00 2.799255371093750000e+00 2.293304614211638892e+00 2.354380846023559570e+00
1.548816618912498467e+06 2.825271761930103764e+00 2.804740190505981445e+00 2.305475003148665714e+00 2.364334106445312500e+00
1.584893192461130442e+06 2.830006253128769966e+00 2.810198307037353516e+00 2.317641244673297241e+00 2.374269247055053711e+00
1.621810097358946456e+06 2.834695719164160188e+00 2.815630674362182617e+00 2.329801868447426205e+00 2.384186983108520508e+00
1.659586907437576680e+06 2.839339936233124639e+00 2.821036815643310547e+00 2.341955394328347317e+00 2.394086837768554688e+00
1.698243652461763471e+06 2.843938696130455579e+00 2.826416969299316406e+00 2.354100333435013681e+00 2.403968334197998047e+00
1.737800828749394044e+06 2.848491806417531080e+00 2.831770896911621094e+00 2.366235189223854896e+00 2.413831710815429688e+00
1.778279410038941074e+06 2.852999090563334228e+00 2.837100028991699219e+00 2.378358458572660261e+00 2.423676490783691406e+00
1.819700858610004885e+06 2.857460388058230105e+00 2.842402935028076172e+00 2.390468632871017629e+00 2.433501720428466797e+00
1.862087136662888573e+06 2.861875554500913132e+00 2.847680807113647461e+00 2.402564199115787780e+00 2.443307876586914062e+00
1.905460717963267816e+06 2.866244461659022580e+00 2.852933406829833984e+00 2.414643641010103536e+00 2.453095436096191406e+00
1.949844599758065306e+06 2.870566997503960049e+00 2.858161211013793945e+00 2.426705440064345076e+00 2.462862491607666016e+00
1.995262314968899125e+06 2.874843066220486243e+00 2.863364219665527344e+00 2.438748076697585532e+00 2.472610235214233398e+00
2.041737944669552613e+06 2.879072588191734283e+00 2.868543148040771484e+00 2.450770031337983212e+00 2.482337713241577148e+00
2.089296130854062270e+06 2.883255499960307056e+00 2.873696804046630859e+00 2.462769785520587007e+00 2.492044448852539062e+00
2.137962089502254501e+06 2.887391754166178437e+00 2.878826618194580078e+00 2.474745822981090804e+00 2.501730918884277344e+00
2.187761623949578498e+06 2.891481319462125832e+00 2.883931875228881836e+00 2.486696630744004377e+00 2.511396646499633789e+00
2.238721138568365481e+06 2.895524180407488046e+00 2.889013290405273438e+00 2.498620700203794343e+00 2.521041393280029297e+00
2.290867652767797932e+06 2.899520337341042975e+00 2.894071340560913086e+00 2.510516528197547892e+00 2.530665636062622070e+00
2.344228815319946501e+06 2.903469806233841766e+00 2.899105310440063477e+00 2.522382618067706694e+00 2.540267944335937500e+00
2.398832919019514229e+06 2.907372618522842345e+00 2.904116392135620117e+00 2.534217480713494286e+00 2.549848318099975586e+00
2.454708915685058571e+06 2.911228820926215377e+00 2.909103631973266602e+00 2.546019635629648281e+00 2.559407472610473633e+00
2.511886431509607937e+06 2.915038475241202853e+00 2.914067745208740234e+00 2.557787611931122473e+00 2.568943977355957031e+00
2.570395782768890727e+06 2.918801658125431686e+00 2.919008731842041016e+00 2.569519949362456757e+00 2.578458547592163086e+00
2.630267991895413958e+06 2.922518460862570500e+00 2.923927307128906250e+00 2.581215199290540774e+00 2.587950944900512695e+00
2.691534803926947061e+06 2.926188989113251981e+00 2.928823471069335938e+00 2.592871925679539391e+00 2.597421169281005859e+00
2.754228703338196967e+06 2.929813362652163633e+00 2.933696508407592773e+00 2.604488706046812041e+00 2.606867790222167969e+00
2.818382931264483836e+06 2.933391715092219076e+00 2.938547849655151367e+00 2.616064132398661979e+00 2.616291999816894531e+00
2.884031503126635216e+06 2.936924193596713195e+00 2.943376779556274414e+00 2.627596812144829208e+00 2.625693321228027344e+00
2.951209226666420233e+06 2.940410958580371492e+00 2.948184013366699219e+00 2.639085368990693237e+00 2.635070800781250000e+00
3.019951720402049832e+06 2.943852183400177847e+00 2.952969074249267578e+00 2.650528443806162926e+00 2.644424915313720703e+00
3.090295432513623498e+06 2.947248054036875509e+00 2.957732915878295898e+00 2.661924695470339941e+00 2.653755426406860352e+00
3.162277660168418195e+06 2.950598768767994429e+00 2.962475299835205078e+00 2.673272801691038758e+00 2.663062810897827148e+00
3.235936569296320900e+06 2.953904537833286881e+00 2.967196464538574219e+00 2.684571459798335447e+00 2.672345161437988281e+00
3.311311214825948235e+06 2.957165583093387617e+00 2.971896171569824219e+00 2.695819387511378729e+00 2.681603908538818359e+00
3.388441561392061878e+06 2.960382137682542325e+00 2.976575374603271484e+00 2.707015323677716800e+00 2.690838575363159180e+00
3.467368504525352269e+06 2.963554445656196634e+00 2.981233358383178711e+00 2.718158028984487995e+00 2.700048685073852539e+00
3.548133892335796729e+06 2.966682761634232168e+00 2.985870838165283203e+00 2.729246286640861996e+00 2.709234476089477539e+00
3.630780547701054718e+06 2.969767350440609910e+00 2.990488290786743164e+00 2.740278903031183599e+00 2.718395233154296875e+00
3.715352290971765760e+06 2.972808486740169620e+00 2.995085239410400391e+00 2.751254708338331412e+00 2.727531433105468750e+00
3.801893963205659296e+06 2.975806454673281198e+00 2.999662399291992188e+00 2.762172557136855389e+00 2.736642122268676758e+00
3.890451449942852370e+06 2.978761547489055417e+00 3.004219532012939453e+00 2.773031328955513075e+00 2.745728015899658203e+00
3.981071705535017885e+06 2.981674067177768617e+00 3.008756637573242188e+00 2.783829928808914111e+00 2.754788398742675781e+00
4.073802778041171841e+06 2.984544324103143964e+00 3.013274669647216797e+00 2.794567287697993230e+00 2.763823986053466797e+00
4.168693834703397471e+06 2.987372636635093670e+00 3.017773151397705078e+00 2.805242363079122114e+00 2.772834062576293945e+00
4.265795188015977852e+06 2.990159330783521252e+00 3.022251605987548828e+00 2.815854139301729120e+00 2.781818151473999023e+00
4.365158322401709855e+06 2.992904739833718519e+00 3.026712179183959961e+00 2.826401628014329148e+00 2.790776968002319336e+00
4.466835921509680338e+06 2.995609203983909286e+00 3.031153440475463867e+00 2.836883868538940590e+00 2.799708843231201172e+00
4.570881896148808300e+06 2.998273069985429640e+00 3.035575866699218750e+00 2.847299928213927522e+00 2.808615684509277344e+00
4.677351412872038782e+06 3.000896690786016840e+00 3.039980411529541016e+00 2.857648902705314242e+00 2.817496538162231445e+00
4.786300923226439394e+06 3.003480425176669577e+00 3.044366359710693359e+00 2.867929916286752867e+00 2.826350450515747070e+00
4.897788193684516475e+06 3.006024637442477498e+00 3.048733711242675781e+00 2.878142122088274135e+00 2.835178375244140625e+00
5.011872336272776127e+06 3.008529697017830795e+00 3.053082942962646484e+00 2.888284702314091845e+00 2.843980073928833008e+00
5.128613839913710952e+06 3.010995978146372209e+00 3.057414293289184570e+00 2.898356868429724287e+00 2.852755308151245117e+00
5.248074602497787215e+06 3.013423859546025430e+00 3.061728000640869141e+00 2.908357861318743964e+00 2.861503601074218750e+00
5.370317963702587411e+06 3.015813724079424496e+00 3.066025018692016602e+00 2.918286951409563734e+00 2.870226144790649414e+00
5.495408738576315343e+06 3.018165958430023554e+00 3.070303916931152344e+00 2.928143438772628393e+00 2.878921031951904297e+00
5.623413251903560013e+06 3.020480952784164508e+00 3.074566364288330078e+00 2.937926653188476678e+00 2.887589454650878906e+00
5.754399373371637426e+06 3.022759100519330389e+00 3.078811407089233398e+00 2.947635954187187934e+00 2.896230936050415039e+00
5.888436553555956110e+06 3.025000797898814042e+00 3.083039283752441406e+00 2.957270731059697511e+00 2.904845237731933594e+00
6.025595860743642785e+06 3.027206443772990863e+00 3.087250709533691406e+00 2.966830402841578618e+00 2.913432598114013672e+00
6.165950018614897504e+06 3.029376439287370548e+00 3.091445684432983398e+00 2.976314418269859097e+00 2.921993255615234375e+00
6.309573444802007638e+06 3.031511187597577539e+00 3.095624446868896484e+00 2.985722255713507689e+00 2.930526018142700195e+00
6.456542290346628986e+06 3.033611093591400909e+00 3.099787235260009766e+00 2.995053423078243959e+00 2.939031600952148438e+00
6.606934480076045729e+06 3.035676563618016743e+00 3.103933334350585938e+00 3.004307457686339333e+00 2.947509288787841797e+00
6.760829753919901326e+06 3.037708005224478036e+00 3.108063697814941406e+00 3.013483926132111357e+00 2.955960273742675781e+00
6.918309709189447574e+06 3.039705826899551155e+00 3.112178802490234375e+00 3.022582424113846589e+00 2.964383840560913086e+00
7.079457843841460533e+06 3.041670437824959272e+00 3.116278648376464844e+00 3.031602576242881320e+00 2.972780227661132812e+00
7.244359600749979727e+06 3.043602247634058511e+00 3.120362758636474609e+00 3.040544035830601288e+00 2.981148242950439453e+00
7.413102413009268232e+06 3.045501666178000555e+00 3.124431610107421875e+00 3.049406484654144212e+00 2.989489078521728516e+00
7.585775750291928649e+06 3.047369103299363058e+00 3.128485441207885742e+00 3.058189632701581395e+00 2.997802257537841797e+00
7.762471166287006810e+06 3.049204968613270506e+00 3.132524728775024414e+00 3.066893217897399104e+00 3.006087064743041992e+00
7.943282347242918797e+06 3.051009671295969561e+00 3.136548995971679688e+00 3.075517005809059512e+00 3.014345169067382812e+00
8.128305161641094834e+06 3.052783619880846011e+00 3.140559196472167969e+00 3.084060789335484110e+00 3.022575378417968750e+00
8.317637711026811041e+06 3.054527222061830027e+00 3.144554615020751953e+00 3.092524388378274480e+00 3.030777215957641602e+00
8.511380382023863494e+06 3.056240884504151545e+00 3.148535966873168945e+00 3.100907649496490226e+00 3.038951396942138672e+00
8.709635899560904130e+06 3.057925012662368047e+00 3.152503252029418945e+00 3.109210445545821155e+00 3.047097682952880859e+00
8.912509381337568164e+06 3.059580010605613243e+00 3.156456470489501953e+00 3.117432675302977074e+00 3.055215358734130859e+00
9.120108393559208140e+06 3.061206280849967598e+00 3.160396575927734375e+00 3.125574263076126513e+00 3.063306331634521484e+00
9.332543007970020175e+06 3.062804224197876124e+00 3.164323091506958008e+00 3.133635158302205070e+00 3.071368694305419922e+00
9.549925860214486718e+06 3.064374239584510828e+00 3.168236017227172852e+00 3.141615335131921150e+00 3.079403877258300781e+00
9.772372209558231756e+06 3.065916723930978804e+00 3.172134876251220703e+00 3.149514792003257568e+00 3.087409973144531250e+00
1.000000000000012293e+07 3.067432072004263155e+00 3.176021814346313477e+00 3.157333551204296374e+00 3.095387935638427734e+00
