1.000000000000000000e+01 3.000000000000000062e-03 5.999999999999999474e-04
1.000000000000000000e+02 2.730000000000000135e-02 5.400000000000000286e-03
3.000000000000000000e+02 7.950000000000000122e-02 1.619999999999999912e-02
1.000000000000000000e+03 2.356999999999999929e-01 5.160000000000000003e-02
3.000000000000000000e+03 5.806000000000000050e-01 1.401000000000000023e-01
1.000000000000000000e+04 9.686000000000000165e-01 3.362999999999999878e-01
3.000000000000000000e+04 1.514599999999999946e+00 6.206000000000000405e-01
1.000000000000000000e+05 2.052299999999999791e+00 1.034499999999999975e+00
3.000000000000000000e+05 2.375500000000000167e+00 1.502499999999999947e+00
1.000000000000000000e+06 2.740600000000000147e+00 2.069999999999999840e+00
3.000000000000000000e+06 2.935200000000000031e+00 2.648699999999999832e+00
1.000000000000000000e+07 3.069599999999999884e+00 3.157300000000000217e+00
